1	1	8.617055163	23.4595287	2.730461188	130.9944444	24.2375						
2	1	9.617878907	24.88193939	2.630100756	153.75	30.3375						
3	1	8.158737189	23.96028105	3.001805615	119.9590164	23.3375						
4	1	8.265181785	25.82445178	3.145062711	137.6556604	27.7125						
5	1	7.589971934	23.10208259	3.051453752	112.7029703	23.1						
6	1	8.1043616	24.06879887	3.144834683	122.675	26.7625						
7	1	10.63434619	28.21818826	2.94459291	133.5652174	29.4625						
8	1	8.339540421	24.49694984	2.951235455	131.6605505	27.6625						
9	1	8.72043266	24.61227607	2.89742178	130.2906977	26.175						
10	1	9.10286484	26.24067683	2.997674091	141.0048077	30.2875						
11	1	8.683328	26.998390	3.2137620	142.576200	31.3125						
12	1	8.373973735	26.68921098	3.25220843	139.494186	30.575						
13	1	7.263320047	24.81532242	3.433239545	116	23.3						
14	1	8.171998784	25.80730442	3.186641326	135.2242991	27.55						
15	1	8.365684302	22.27792477	2.678411334	118.8316832	22.1875						
16	1	7.041381007	22.59729787	3.209213909	101.5	23.3375						
17	1	9.287113485	27.53872298	3.11730856	144.5714286	31.3625						
18	1	8.208781497	26.54587706	3.344801754	128.4479167	27.4625						
19	1	8.360060172	23.79380644	2.856783921	127.5309278	25.725						
20	1	8.78924939	26.07640606	3.083845081	134.4114583	28.4875						
1	2	8.552339969	24.02606053	2.84696885	127.8585859	24.275						
2	2	9.574388786	24.99456834	2.635431622	153.1686747	30.8						
3	2	8.140991516	24.21369699	3.030113016	123.2093023	23.7875						
4	2	8.180204789	25.91901587	3.183343257	136.4264706	28.5						
5	2	8.190056737	22.83027816	2.973607402	112.6458333	23.125						
6	2	8.062319208	24.23490226	3.015875608	127.665	27.2						
7	2	9.983029571	27.2251236	3.223553598	132.2058824	28.4625						
8	2	10.57514874	25.0966501	2.850640224	123.22	28.5375						
9	2	8.205639278	24.64619842	3.013436017	130.6972477	27.35						
10	2	8.586830335	26.3930087	3.158788521	140.0990099	29.825						
11	2	8.683328182	26.99838695	3.213761907	142.5761905	31.0875						
12	2	8.740316274	27.41322601	3.224848887	146.46875	31.225						
13	2	7.303440233	25.00087334	3.439244571	116.7772277	24.825						
14	2	8.087220388	25.73284582	3.190907462	135.6105769	28.49						
15	2	8.559111689	22.54672161	2.672006991	119.0471698	22.2875						
16	2	8.093606044	24.92875131	3.20083419	118.5291262	24.5125						
17	2	9.166606527	27.42945157	3.15462421	143.640625	31.625						
18	2	8.428660222	26.20092198	3.278656953	125.7921348	26.55						
19	2	8.439971027	23.63907963	2.839454599	124.5	27.35						
20	2	8.856885643	25.9633835	3.090744471	133.7934783	28.9375						
1	3	8.85910963	23.68178306	2.70007742	133.0568182	25.7875						
2	3	9.517919491	24.88090107	2.70686928	147.6898734	31.8375						
3	3	7.552920662	23.91029241	3.177325488	115.9471154	24.8125						
4	3	8.317254615	25.65603199	3.143179488	133.6336634	27.975						
5	3	7.814612719	22.65935172	2.906786824	114.845	23.0875						
6	3	8.038191107	24.03101189	2.998790944	125.335	28.375						
7	3	9.352431612	26.67567847	3.06742045	130.1030928	29.9875						
8	3	8.66785323	24.40676275	2.988002617	132.6650943	27.3125						
9	3	8.166039256	24.43911967	3.004244975	129.5952381	26.8625						
10	3	8.669367814	26.16872298	3.098378769	138.3191489	30.725						
11	3	8.738553447	27.07744382	3.204323088	142.8351064	30.225						
12	3	8.829546282	26.81135803	3.165109563	142.4142857	29.9875						
13	3	7.265055037	24.38989576	3.370484852	113.5735294	24.975						
14	3	8.158552761	25.69589456	3.164478741	135.6869159	29.2						
15	3	8.532469068	22.15665522	2.653723229	115.1651376	22.65						
16	3	8.093606044	24.92875131	3.20083419	117.5792079	24.675						
17	3	8.637010615	27.37151515	3.255530819	143.2736842	31.775						
18	3	8.552811724	26.55498375	3.31236477	127.1263158	28.2875						
19	3	8.618766521	23.81337265	2.82501311	127.0108696	27.05						
20	3	8.401519835	25.58243756	3.120654994	130.1649485	27.75	
					
												
												
												
												
												
												
												
												
												
												
												
												
												
												
												
												
												
												
												
												
												
												
												
												
												
												
												
												
												
												
												
												
												
												
												
												
												
												
												
												
												
												
												
												
												
												
												
												
												
												
												
												
												
												
												
												
												
												
												
												
												
												
												
												
												
												
												
												
												
												
												
												
												
												
												
												
												
												
												
												
												
												
												
												
												
												
												
												
												
												
												
												
												
												
												
												
												
												
												
												
												
												
												
												
												
												
												
												
												
												
												
												
												
												
												
												
												
												
												
												
												
												
												
												
												
												
												
												
												
												
												
												
												
												
												
												
												
												
												
												
												
												
												
												
												
												
												
												
												
												
												
												
												
												
												
												
												
												
												
												
												
												
												
												
												
												
												
												
												
												
												
												
												
												
												
												
												
												
												
												
												
												
												
												
												
												
												
												
												
												
												
												
												
												
												
												
												
												
												
												
												
												
												
												
												
												
												
												
												
												
												
												
												
												
												
												
												
												
												
												
												
												
												
												
												
												
												
												
												
												
												
												
												
												
												
												
												
												
												
												
												
												
												
												
												
												
												
												
												
												
												
												
												
												
												
												
												
												
												
												
												
												
												
												
												
												
												
												
												
												
												
												
												
												
												
												
												
												
												
												
												
												
												
												
												
												
												
												
												
												
												
												
												
												
												
												
												
												
												
												
												
												
												
												
												
												
												
												
												
												
												
												
												
												
												
												
												
												
												
												
												
												
												
												
												
												
												
												
												
												
												
												
												
												
												
												
												
												
												
												
												
												
												
												
												
												
												
												
												
												
												
												
												
												
												
												
												
												
												
												
												
												
												
												
												
												
												
												
												
												
												
												
												
												
												
												
												
												
												
												
												
												
												
												
												
												
												
												
												
												
												
												
												
												
												
												
												
												
												
												
												
												
												
												
												
												
												
												
												
												
												
												
												
												
												
												
												
												
												
												
												
												
												
												
												
												
												
												
												
												
												
												
												
												
												
												
												
												
												
												
												
												
												
												
												
												
												
												
												
												
												
												
												
												
												
												
												
												
												
												
												
												
												
												
												
												
												
												
												
												
												
												
												
												
												
												
												
												
												
												
												
												
												
												
												
												
												
												
												
												
												
												
												
												
												
												
												
												
												
												
												
												
												
												
												
												
												
												
												
												
												
												
												
												
												
												
												
												
												
												
												
												
												
												
												
												
												
												
												
												
												
												
												
												
												
												
												
												
												
												
												
												
												
												
												
												
												
												
												
												
												
												
												
												
												
												
												
												
												
												
												
												
												
												
												
												
												
												
												
												
												
												
												
												
												
												
												
												
												
												
												
												
												
												
												
												
												
												
												
												
												
												
												
												
												
												
												
												
												
												
												
												
												
												
												
												
												
												
												
												
												
												
												
												
												
												
												
												
												
												
												
												
												
												
												
												
												
												
												
												
												
												
												
												
												
												
												
												
												
												
												
												
												
												
												
												
												
												
												
												
												
												
												
												
												
												
												
												
												
												
												
												
												
												
												
												
												
												
												
												
												
												
												
												
												
												
												
												
												
												
												
												
												
												
												
												
												
												
												
												
												
												
												
												
												
												
												
												
												
												
												
												
												
												
												
												
												
												
												
												
												
												
												
												
												
												
												
												
												
												
												
												
												
												
												
												
												
												
												
												
												
												
												
												
												
												
												
												
												
												
												
												
												
												
												
												
												
												
												
												
												
												
												
												
												
												
												
												
												
												
												
												
												
												
												
												
												
												
												
												
												
												
												
												
												
												
												
												
												
												
												
												
												
												
												
												
												
												
												
												
												
												
												
												
												
												
												
												
												
												
												
												
												
												
												
												
												
												
												
												
												
												
												
												
												
												
												
												
												
												
												
												
												
												
												
												
												
												
												
												
												
												
												
												
												
												
												
												
												
												
												
												
												
												
												
												
												
												
												
												
												
												
												
												
												
												
												
												
												
												
												
												
												
												
												
												
												
												
												
												
												
												
												
												
												
												
												
												
												
												
												
												
												
												
												
												
												
												
												
												
												
												
												
												
												
												
												
												
												
												
												
												
												
												
												
												
												
												
												
												
												
												
												
												
												
												
												
												
												
												
												
												
												
												
												
												
												
												
												
												
												
												
												
												
												
												
												
												
												
